<?xml version="1.0"?>
<opencv_storage>
<module type_id="opencv-matrix">
  <rows>59</rows>
  <cols>33</cols>
  <dt>"3u"</dt>
  <data>
    133 147 145 135 146 145 135 146 145 134 145 144 134 145 144 133 144
    143 132 143 142 130 144 142 130 144 142 128 144 142 128 144 142 126
    145 142 124 143 140 123 142 139 122 141 138 125 139 137 125 139 137
    125 139 137 125 139 137 121 140 137 121 140 137 119 140 137 119 140
    137 116 139 136 117 140 137 114 140 136 114 140 136 120 139 136 120
    139 136 129 138 137 128 137 136 130 137 136 129 136 135 130 149 146
    134 148 146 133 147 145 134 145 144 133 144 143 133 144 143 132 143
    142 130 144 142 130 144 142 126 145 142 127 146 143 124 145 142 122
    143 140 124 143 140 124 143 140 125 141 139 124 140 138 124 140 138
    124 140 138 121 140 137 122 141 138 119 140 137 119 140 137 117 140
    137 117 140 137 116 139 136 116 139 136 122 138 136 122 138 136 130
    137 137 131 138 138 132 135 139 131 134 138 135 149 146 138 147 145
    138 147 145 136 145 144 136 145 144 129 145 143 129 145 143 125 146
    143 124 145 142 122 145 142 122 145 142 118 144 140 118 144 140 117
    143 139 117 143 139 119 142 139 119 142 139 122 141 138 122 141 138
    122 138 136 123 139 137 120 139 136 120 139 136 118 139 137 119 140
    138 119 140 137 118 139 136 122 138 136 122 138 136 126 137 137 126
    137 137 128 137 137 127 136 136 131 153 154 137 153 152 134 150 149
    136 147 147 135 146 146 130 146 144 129 145 143 125 146 143 124 145
    142 122 145 142 120 143 140 117 143 139 117 143 139 119 142 139 119
    142 139 121 142 139 120 141 138 124 140 138 123 139 137 123 139 137
    123 139 137 123 139 137 122 138 136 120 139 136 121 140 137 120 139
    137 119 138 136 122 138 137 121 137 136 125 136 135 125 136 135 129
    136 135 129 136 135 146 160 158 149 156 155 145 152 151 142 146 146
    141 145 145 134 145 144 133 144 143 130 146 144 128 144 142 126 145
    142 124 143 140 121 142 139 121 142 139 120 141 138 121 142 139 123
    142 139 122 141 138 124 140 138 123 139 137 122 138 136 122 138 136
    122 137 139 121 136 138 119 137 138 119 137 138 121 135 139 118 132
    136 114 133 136 113 132 135 111 132 135 111 132 135 113 132 135 114
    133 136 147 168 166 148 162 166 143 157 161 139 151 155 134 146 150
    134 147 149 133 146 148 130 146 145 128 144 143 126 142 140 125 141
    139 122 141 138 122 141 138 121 140 137 121 140 137 123 139 136 123
    139 136 126 138 133 125 137 132 122 133 131 122 133 131 122 133 131
    120 131 129 122 134 124 121 133 123 133 144 130 123 134 120 150 169
    145 154 173 149 155 180 150 160 185 155 143 167 140 144 168 141 155
    169 167 156 167 166 152 163 162 150 161 160 143 154 153 140 151 150
    136 147 146 137 146 145 134 143 142 130 144 142 128 142 140 123 142
    139 121 140 137 121 140 137 120 139 136 118 139 136 117 138 135 112
    135 132 112 135 132 112 135 132 117 140 137 116 139 135 144 167 163
    137 164 148 162 189 173 145 170 140 144 169 139 133 151 117 105 123
    89 105 120 87 100 115 82 128 143 110 113 128 95 157 168 167 155 169
    167 154 168 166 148 167 165 144 163 161 141 159 160 134 152 153 135
    149 148 131 145 144 132 143 142 128 139 138 127 140 133 122 135 128
    124 143 125 120 139 121 146 168 143 128 150 125 161 182 151 150 171
    140 169 186 155 158 175 144 167 175 152 155 163 140 107 106 89 90 89
    72 86 79 67 69 62 50 48 33 25 24 9 1 34 6 0 41 13 2 70 39 24 94 63
    48 153 169 167 155 169 167 154 168 166 155 166 165 152 163 162 147
    161 159 142 156 154 137 153 151 132 148 146 118 144 140 123 149 145
    113 144 138 161 192 186 124 157 137 156 189 169 148 176 145 120 148
    117 108 123 90 92 107 74 86 89 60 82 85 56 93 70 58 82 59 47 30 0 0
    18 0 0 7 0 0 2 0 0 17 3 5 17 3 5 41 20 23 48 27 30 40 2 7 51 13 18
    154 168 166 156 167 166 156 167 166 154 165 164 152 163 162 146 162
    160 141 157 155 147 164 153 133 150 139 164 181 162 132 149 130 165
    173 155 159 167 149 92 94 83 82 84 73 82 75 70 42 35 30 17 7 0 16 6
    0 2 0 0 15 0 0 6 0 0 41 17 10 20 0 0 57 32 27 44 31 24 48 35 28 44
    35 30 43 34 29 52 33 30 54 35 32 56 36 30 52 32 26 149 168 166 149
    168 166 148 167 165 146 164 165 144 162 163 138 161 158 160 183 180
    181 211 194 207 237 220 188 199 178 44 55 34 79 60 57 71 52 49 9 0 0
    6 0 0 0 0 0 1 0 0 12 9 13 14 11 15 29 31 31 30 32 32 36 36 35 34 34
    33 36 35 31 35 34 30 34 34 28 36 36 30 33 35 29 33 35 29 33 34 30 32
    33 29 32 32 31 33 33 32 150 166 165 152 166 164 149 163 161 160 172
    162 146 158 148 207 212 196 216 221 205 122 128 110 135 141 123 87
    81 73 0 0 0 0 0 0 45 27 26 11 0 0 54 31 33 44 30 32 44 30 32 34 32
    32 34 32 32 33 33 33 34 34 34 34 34 34 34 34 34 36 34 34 38 36 36 36
    34 34 38 36 36 36 36 36 34 34 34 34 34 34 33 33 33 33 33 32 33 33 32
    146 167 165 139 165 161 168 194 190 140 165 149 190 215 199 200 201
    185 93 94 78 20 0 0 17 0 0 9 0 0 6 0 0 36 36 36 34 34 34 33 33 33 32
    32 32 33 31 31 33 31 31 32 32 32 33 33 33 34 34 33 36 36 35 36 36 35
    34 34 33 36 34 33 38 36 35 38 36 35 39 37 36 41 37 36 40 36 35 38 36
    35 36 34 33 33 33 32 33 33 32 146 162 154 194 210 193 183 199 182
    169 180 159 141 152 131 80 75 65 0 0 0 0 0 0 46 31 29 41 31 28 43 33
    30 33 33 32 33 33 32 33 33 33 33 33 33 33 33 33 34 34 34 36 36 36 38
    38 38 40 40 39 39 39 38 38 38 37 37 37 36 36 36 36 37 37 37 37 37 37
    38 38 38 39 39 39 38 38 38 39 39 39 38 38 38 36 36 36 36 36 36 195
    222 208 203 212 196 100 109 93 80 73 68 52 45 40 0 0 0 6 0 0 36 34
    34 35 33 33 34 32 31 34 32 31 37 33 32 37 33 32 37 33 32 40 36 35 42
    35 35 43 36 36 48 40 37 48 40 37 47 41 38 46 40 37 39 39 38 37 37 36
    36 36 36 37 37 37 37 37 37 38 38 38 41 39 39 41 39 39 42 40 40 41 39
    39 40 38 38 38 36 36 207 215 190 99 89 80 0 0 0 4 0 0 42 16 20 16 2
    4 46 32 34 39 32 33 39 32 33 33 33 33 34 34 34 36 36 36 36 36 36 36
    36 36 38 38 38 43 39 39 45 41 41 49 41 38 49 41 38 49 43 40 47 41 38
    40 38 37 38 36 35 33 33 33 36 36 36 39 37 37 40 38 38 41 39 39 42 40
    40 40 40 40 40 40 40 39 39 39 38 38 38 95 83 72 0 0 0 1 0 0 42 39 43
    38 35 39 34 34 34 33 33 33 37 33 33 38 34 34 36 34 34 38 36 36 41 37
    37 41 37 37 45 39 36 47 41 38 55 46 41 53 44 39 51 44 39 49 42 37 45
    44 40 42 41 37 38 38 37 36 36 35 36 34 34 38 36 36 37 37 37 38 38 38
    39 39 39 40 40 40 40 40 40 41 41 41 43 41 41 43 41 41 32 11 8 13 0 0
    52 35 32 40 33 33 39 32 32 36 32 32 36 32 32 37 30 31 39 32 33 37 33
    33 38 34 34 38 36 35 40 38 37 45 42 38 48 45 41 50 45 40 50 45 40 49
    42 37 48 41 36 44 41 37 42 39 35 39 37 36 38 36 35 36 34 34 38 36 36
    37 37 37 39 39 39 40 40 40 41 41 41 41 41 41 43 43 43 44 44 44 44 44
    44 40 31 32 34 32 31 34 32 31 32 32 32 31 31 31 31 31 31 31 31 31 30
    30 30 31 31 31 32 32 32 34 34 34 36 36 35 39 39 38 41 41 40 41 41 40
    45 43 42 42 40 39 41 39 38 40 38 37 38 38 37 37 37 36 36 36 35 37 37
    36 37 38 34 38 39 35 38 39 35 40 41 37 41 41 40 43 43 42 43 43 43 44
    44 44 47 45 45 47 45 45 42 25 22 38 25 23 41 28 26 33 26 26 35 28 28
    29 27 26 29 27 26 29 28 24 31 30 26 32 32 26 33 33 27 38 34 26 40 36
    28 43 38 33 44 39 34 44 39 34 44 39 34 43 37 34 44 38 35 41 37 37 40
    36 36 38 36 35 38 36 35 37 39 33 38 40 34 38 42 36 41 45 39 39 43 42
    40 44 43 42 44 44 43 45 45 48 46 46 47 45 45 33 24 24 30 23 24 32 25
    26 28 26 26 28 26 26 25 25 25 26 26 26 26 26 26 26 26 26 27 27 26 27
    27 26 30 30 29 32 32 31 33 33 33 34 34 34 36 36 36 34 34 34 34 34 34
    34 34 34 34 34 34 33 33 33 33 33 33 34 34 34 36 37 33 37 38 34 39 40
    36 43 44 40 44 44 43 45 45 44 45 45 45 46 46 46 47 45 45 45 43 43 35
    21 22 31 22 23 33 24 25 29 25 25 30 26 26 25 25 24 25 25 24 26 26 25
    26 26 25 27 27 26 29 29 28 29 29 28 31 31 30 32 32 31 32 32 31 34 32
    32 34 32 32 34 32 32 34 32 32 34 32 32 33 31 31 35 31 31 36 32 32 35
    33 33 36 34 34 37 38 34 40 41 37 43 45 39 43 45 39 48 46 40 48 46 40
