<?xml version="1.0"?>
<opencv_storage>
<module type_id="opencv-matrix">
  <rows>89</rows>
  <cols>26</cols>
  <dt>"3u"</dt>
  <data>
    84 110 91 124 150 131 137 165 155 115 143 133 121 147 143 109 135
    131 116 135 132 119 138 135 122 138 136 123 139 137 119 140 137 118
    139 136 116 139 136 116 139 136 117 140 137 117 140 137 122 141 138
    122 141 138 124 140 138 123 139 137 128 139 138 128 139 138 127 138
    137 128 139 138 125 141 139 126 142 140 22 26 15 89 93 82 101 110 94
    120 129 113 127 142 128 157 172 158 112 130 122 118 136 128 122 138
    136 122 138 136 118 139 136 118 139 136 117 138 135 118 139 136 119
    140 137 119 140 137 122 141 138 122 141 138 124 140 138 123 139 137
    127 138 137 128 139 138 128 139 138 129 140 139 125 142 136 123 140
    134 51 51 51 61 61 61 36 33 29 55 52 48 58 66 55 114 122 111 143 166
    157 113 136 127 112 135 132 116 139 136 118 139 136 118 139 136 118
    139 136 118 139 136 121 140 137 121 140 137 122 141 138 122 141 138
    124 140 138 123 139 137 125 139 137 126 140 138 126 140 138 127 141
    139 125 141 138 123 139 136 52 51 42 40 39 30 46 25 22 10 0 0 6 0 0
    88 73 63 116 120 107 182 186 173 115 134 123 122 141 130 121 137 134
    122 138 135 122 138 136 122 138 136 123 139 137 123 139 137 121 140
    137 122 141 138 126 140 138 125 139 137 127 138 137 127 138 137 125
    139 137 126 140 138 124 140 137 123 139 136 39 47 42 35 43 38 42 40
    40 42 40 40 25 16 16 18 9 9 77 81 75 129 133 127 158 181 172 111 134
    125 122 141 138 120 139 136 128 137 136 129 138 137 128 137 136 129
    138 137 127 138 137 128 139 138 124 140 138 123 139 137 119 140 137
    120 141 138 119 140 137 119 140 137 122 141 137 121 140 136 40 42 36
    37 39 33 42 36 33 42 36 33 52 38 34 17 3 0 40 35 23 90 85 73 105 113
    95 158 166 148 122 135 123 123 136 124 131 136 132 132 137 133 130
    137 136 131 138 137 127 138 137 127 138 137 123 139 137 124 140 138
    120 141 138 120 141 138 120 141 138 120 141 138 124 140 138 124 140
    138 37 37 37 34 34 34 34 34 34 34 34 34 36 36 36 39 39 39 26 24 23
    35 33 32 58 65 56 96 103 94 157 179 167 124 146 134 124 140 137 121
    137 134 126 137 136 126 137 136 124 138 136 125 139 137 119 140 137
    119 140 137 117 140 137 117 140 137 120 141 138 120 141 138 124 140
    138 124 140 138 33 33 32 32 32 31 34 32 32 34 32 32 35 33 32 38 36
    35 48 38 35 34 24 21 7 0 0 70 63 53 80 86 68 126 132 114 139 151 134
    134 146 129 122 134 129 126 138 133 124 138 136 125 139 137 120 139
    136 121 140 137 121 140 137 121 140 137 121 140 137 122 141 138 124
    140 138 124 140 138 32 32 32 31 31 31 31 31 31 32 32 32 33 33 33 34
    34 34 34 34 34 36 36 36 11 4 4 9 2 2 28 31 15 68 71 55 140 156 139
    135 151 134 110 137 129 113 140 132 116 139 136 116 139 136 120 139
    136 121 140 137 123 139 137 123 139 137 125 139 137 125 139 137 125
    139 137 126 140 138 31 31 31 31 31 31 31 31 31 32 32 32 34 32 32 35
    33 33 37 33 33 36 32 32 43 31 27 39 27 23 6 0 0 26 16 0 73 78 57 134
    139 118 117 137 122 117 137 122 117 138 135 118 139 136 120 139 136
    121 140 137 123 139 137 123 139 137 125 139 137 125 139 137 126 140
    138 126 140 138 28 30 30 27 29 29 30 30 30 30 30 30 31 31 32 33 33
    34 32 32 32 30 30 30 30 30 30 29 29 29 31 27 26 0 0 0 13 18 9 101
    106 97 171 193 181 115 137 125 116 135 131 120 139 135 126 137 136
    127 138 137 127 138 137 127 138 137 126 140 138 125 139 137 126 140
    138 127 141 139 29 29 29 26 26 26 27 27 27 29 29 29 30 30 30 31 31
    31 31 31 31 29 29 29 30 30 29 29 29 28 38 30 27 39 31 28 0 0 0 85 83
    68 171 179 161 150 158 140 117 136 125 121 140 129 124 138 135 125
    139 136 125 139 137 126 140 138 124 140 138 124 140 138 124 140 138
    124 140 138 29 29 29 26 26 26 26 26 26 27 27 27 29 29 29 30 30 30 28
    30 30 25 27 27 27 29 29 27 29 29 34 30 30 38 34 34 0 0 0 34 30 30
    108 109 105 153 154 150 126 138 133 125 137 132 126 137 136 126 137
    136 127 138 137 128 139 138 126 140 138 127 141 139 125 141 139 125
    141 139 26 27 23 24 25 21 27 26 22 27 26 22 26 27 23 27 28 24 27 28
    24 27 28 24 27 28 24 30 31 27 32 30 29 34 32 31 40 31 26 10 1 0 81
    81 70 162 162 151 126 137 125 126 137 125 127 136 135 128 137 136
    126 137 136 127 138 137 128 139 138 129 140 139 125 141 138 124 140
    137 22 24 23 21 23 22 24 24 23 26 26 25 26 26 25 27 27 26 27 27 26
    27 27 26 27 27 26 29 29 28 31 29 29 33 31 31 33 33 32 12 12 11 42 50
    39 120 128 117 175 193 180 119 137 124 119 138 134 120 139 135 122
    138 136 123 139 137 123 139 137 124 140 138 122 141 137 121 140 136
    24 24 24 23 23 23 25 23 23 27 25 25 28 26 26 29 27 27 29 27 27 29 27
    27 29 27 27 29 27 27 33 29 28 33 29 28 41 31 28 34 24 21 0 0 0 82 81
    64 182 193 172 151 162 141 117 137 124 118 138 125 123 137 135 124
    138 136 124 138 136 125 139 137 123 142 139 122 141 138 23 23 23 23
    23 23 26 24 24 27 25 25 26 26 26 27 27 27 27 27 27 29 29 29 27 27 27
    27 27 27 27 27 26 29 29 28 36 29 30 39 32 33 0 0 0 1 1 1 96 107 100
    156 167 160 125 151 139 115 141 129 117 138 135 118 139 136 121 140
    137 121 140 137 120 141 138 120 141 138 24 24 24 23 23 23 25 23 23
    26 24 24 27 25 25 28 26 26 27 27 27 27 27 27 26 26 26 26 26 26 26 26
    25 27 27 26 34 30 30 36 32 32 41 32 32 0 0 0 50 53 44 104 107 98 119
    137 122 123 141 126 117 138 134 118 139 135 120 139 136 121 140 137
    120 141 138 120 141 138 25 25 25 24 24 24 25 23 23 26 24 24 27 25 25
    28 26 26 27 27 26 29 29 28 27 27 26 26 26 25 26 26 26 27 27 27 29 29
    29 31 31 31 32 32 32 32 32 32 3 13 8 79 89 84 167 191 179 118 142
    130 108 137 129 113 142 134 115 141 137 115 141 137 116 142 138 116
    142 138 25 25 24 24 24 23 25 23 22 25 23 22 25 24 20 27 26 22 27 28
    24 27 28 24 26 27 23 26 27 23 26 26 26 26 26 26 31 27 27 33 29 29 36
    31 26 28 23 18 26 32 14 71 77 59 135 150 131 168 183 164 111 136 127
    117 142 133 117 140 137 117 140 137 119 140 137 119 140 137 25 26 22
    25 26 22 23 24 20 23 24 20 24 25 21 24 25 21 26 27 23 27 28 24 26 26
    25 26 26 25 25 25 25 25 25 25 26 26 26 27 27 27 31 27 27 35 31 31 18
    16 15 0 0 0 63 75 65 157 169 159 143 171 161 114 142 132 115 141 137
    115 141 137 121 140 138 121 140 138 25 25 25 25 25 25 24 24 24 24 24
    24 25 25 25 25 25 25 26 26 25 27 27 26 26 26 25 26 26 25 24 24 23 24
    24 23 27 26 22 28 27 23 32 27 22 33 28 23 43 29 25 0 0 0 0 0 0 96 93
    83 154 169 155 126 141 127 117 139 132 118 140 133 120 139 136 121
    140 137 25 25 25 25 25 25 24 24 24 23 23 23 24 24 24 24 24 24 25 25
    25 26 26 26 28 26 26 27 25 25 24 24 24 24 24 24 25 25 24 25 25 24 25
    25 24 25 25 24 30 26 25 36 32 31 0 0 0 74 78 72 162 179 168 116 133
    122 112 134 127 118 140 133 122 138 136 123 139 137 25 25 25 24 24
    24 24 24 24 23 23 23 23 23 23 24 24 24 27 25 25 27 25 25 29 25 24 28
    24 23 25 23 23 27 25 25 27 25 25 25 23 23 30 23 23 29 22 22 34 25 20
    34 25 20 31 37 19 61 67 49 140 157 131 167 184 158 110 137 116 117
    144 123 120 140 133 122 142 135 24 24 24 24 24 24 26 24 24 24 22 22
    26 22 22 27 23 23 26 24 24 26 24 24 27 25 24 26 24 23 24 24 23 25 25
    24 25 25 24 24 24 23 24 24 23 23 23 22 30 23 24 33 26 27 5 3 3 0 0 0
    56 65 58 161 170 163 127 152 138 114 139 125 119 139 132 122 142 135
    25 25 25 24 24 24 24 24 23 22 22 21 26 23 19 26 23 19 26 23 19 27 24
    20 26 25 21 26 25 21 24 24 23 25 25 24 25 25 24 23 23 22 26 24 23 24
    22 21 31 22 22 34 25 25 39 30 25 0 0 0 36 38 25 146 148 135 117 131
    114 130 144 127 121 138 132 123 140 134 24 24 24 24 24 24 24 24 23
    23 23 22 22 23 19 22 23 19 22 23 19 24 25 21 24 25 21 24 25 21 23 23
    22 25 25 24 24 24 24 24 24 24 23 23 22 22 22 21 23 23 22 25 25 24 31
    28 24 28 25 21 23 29 16 119 125 112 144 164 149 116 136 121 110 136
    131 115 141 136 24 24 24 24 24 24 24 24 24 23 23 23 25 23 23 22 20
    20 22 22 21 23 23 22 24 24 23 24 24 23 23 23 23 25 25 25 24 24 24 24
    24 24 23 23 22 22 22 21 25 23 22 26 24 23 38 26 22 24 12 8 7 4 0 75
